$ 1 0.0000049999999999999996 382.76258214399064 50 5 50 5e-11
207 1792 560 1872 560 4 VBALL240
207 1760 656 1872 656 4 VBALL32
207 1760 688 1872 688 4 VBALL16
421 1664 256 1728 256 0 4 0 0 0 0 0
207 1664 256 1632 256 4 /HSYNC
207 1664 384 1632 384 4 Ab
207 1664 352 1632 352 4 Bb
R 1664 448 1632 448 0 0 40 5 0 0 0.5
207 1760 496 1712 496 4 /VBLANK
421 1664 560 1728 560 0 4 0 0 0 0 0
w 1664 624 1664 656 0
w 1664 656 1664 688 0
w 1664 624 1632 624 0
g 1632 624 1632 656 0 0
R 1760 752 1792 752 0 0 40 5 0 0 0.5
151 1856 512 1968 512 0 2 0 5
w 1664 752 1664 784 0
w 1664 784 1824 784 0
w 1824 784 1824 528 0
w 1760 256 1824 256 0
w 1824 256 1824 528 0
w 1792 560 1792 496 0
w 1760 496 1760 448 0
w 1968 512 1968 720 0
w 1968 720 1776 720 0
w 1776 720 1760 720 0
w 1776 720 1776 416 0
w 1776 416 1760 416 0
w 1792 496 1856 496 0
w 1792 560 1760 560 0
207 1664 320 1632 320 4 Cb
207 1664 288 1632 288 4 Db
w 1664 448 1664 416 0
w 1664 592 1664 624 0
207 1664 560 1632 560 4 /HSYNC
w 1824 528 1856 528 0
R 1664 720 1632 720 0 0 40 5 0 0 0.5
R 1664 256 1664 192 0 2 15688 2.5 2.5 0 0.5
R 1456 496 1424 496 0 2 60 2.5 2.5 0 0.93
207 1456 496 1488 496 4 /VBLANK
151 2144 400 2240 400 0 2 0 5
207 2144 384 2144 336 4 VBALL16
211 2240 400 2304 400 0 2 22050 1
155 2016 352 2064 352 10 0
R 2016 352 1984 352 0 0 40 5 0 0 0.5
207 2016 384 1984 384 4 VBALL240
w 2112 416 2144 416 0
207 1760 592 1872 592 4 VBALL128
207 1760 624 1872 624 4 VBALL64
R 1440 368 1408 368 0 2 2 2.5 2.5 0 0.01
207 2016 416 1984 416 4 /HIT
! hit\sgenerator 0 A,B,C X,Y hit\sgenerator 1??\s0?\q11\n0??\s0?\q01\n?11\s11\q10\n?00\s10\q01\n???\s1A\q1A\n
208 1440 368 1504 368 0 hit\sgenerator 0 0
207 1536 400 1568 400 4 /HIT
207 1440 400 1408 400 4 VBALL240
207 1440 432 1408 432 4 VBALL128
x 1722 200 1939 203 4 24 Vertical\sBall\sCounter
L 1488 592 1456 592 0 0 false 5 0
207 1488 592 1520 592 4 Db
207 1488 624 1520 624 4 Cb
L 1488 624 1456 624 0 1 false 5 0
207 1488 656 1520 656 4 Bb
L 1488 656 1456 656 0 1 false 5 0
207 1488 688 1520 688 4 Ab
L 1488 688 1456 688 0 1 false 5 0
x 2086 295 2191 298 4 24 Hit\sSound
o 42 32 0 4098 5 0.1 0 1
o 50 32 0 4099 5 0.00009765625 1 2 50 3
