$ 17 0.000005 1.3241202019156522 44 5 35
w 64 128 112 128 0
c 64 48 112 48 0 0.0001 0.005997343920106757
c 112 48 160 48 0 0.0001 0.005545353715407229
c 160 48 208 48 0 0.0001 0.005120650269209867
c 208 48 256 48 0 0.0001 0.004722083259646133
c 256 48 304 48 0 0.0001 0.004348635638093491
c 304 48 352 48 0 0.0001 0.003999422715338957
c 352 48 400 48 0 0.0001 0.0036736916880692645
l 112 48 112 128 0 0.01 0.0005964571402621116
l 160 48 160 128 0 0.01 0.000556274477261783
l 208 48 208 128 0 0.01 0.0005185664569433768
l 256 48 256 128 0 0.01 0.0004831434215301018
l 304 48 304 128 0 0.01 0.0004498192476245775
l 352 48 352 128 0 0.01 0.0004184105199549598
l 400 48 400 128 0 0.01 0.00038873570445195366
w 112 128 160 128 0
w 160 128 208 128 0
w 208 128 256 128 0
w 256 128 304 128 0
w 304 128 352 128 0
w 352 128 400 128 0
c 400 48 448 48 0 0.0001 0.003370821606702823
w 448 48 448 160 0
w 400 128 432 128 0
w 448 160 400 160 0
l 400 160 400 240 0 0.01 0.0003606143186388143
c 400 160 352 160 0 0.0001 0.003090323786363886
c 352 160 304 160 0 0.0001 0.002831842663612631
c 304 160 256 160 0 0.0001 0.0025951571023555275
c 256 160 208 160 0 0.0001 0.0023801821531670223
c 208 160 160 160 0 0.0001 0.002186971271078201
c 160 160 112 160 0 0.0001 0.00201571899771086
l 352 160 352 240 0 0.01 0.0003338660973083853
l 304 160 304 240 0 0.01 0.00030831015145027296
l 256 160 256 240 0 0.01 0.00028376411837749736
l 208 160 208 240 0 0.01 0.00026004330098534933
l 160 160 160 240 0 0.01 0.00023695979405571237
l 112 160 112 240 0 0.01 0.00021432159549775713
w 432 128 432 240 0
w 432 240 400 240 0
w 400 240 352 240 0
w 352 240 304 240 0
w 304 240 256 240 0
w 256 240 208 240 0
w 208 240 160 240 0
w 160 240 112 240 0
c 112 160 64 160 0 0.0001 0.0018667641144708286
w 64 160 64 272 0
w 112 240 80 240 0
w 64 272 112 272 0
l 112 272 112 352 0 0.01 0.000191931700390632
w 80 240 80 352 0
w 80 352 112 352 0
c 112 272 160 272 0 0.0001 0.001740593274352404
c 160 272 208 272 0 0.0001 0.001637845120759097
c 208 272 256 272 0 0.0001 0.0015593149026064666
c 256 272 304 272 0 0.0001 0.0015059595958407702
c 304 272 352 272 0 0.0001 0.0014789035423973496
c 352 272 400 272 0 0.0001 0.0014794446185131247
l 160 272 160 352 0 0.01 0.00016958717566559913
l 208 272 208 352 0 0.01 0.0001470782132339026
l 256 272 256 352 0 0.01 0.00012418715933251628
l 304 272 304 352 0 0.01 0.00010068751782277052
l 352 272 352 352 0 0.01 0.00007634292513663412
w 112 352 160 352 0
w 160 352 208 352 0
w 208 352 256 352 0
w 256 352 304 352 0
w 304 352 352 352 0
w 352 352 400 352 0
l 400 272 400 352 0 0.01 0.00005090609452213223
w 400 272 432 272 0
w 432 352 400 352 0
r 432 272 432 352 0 10
g 432 352 432 384 0
212 -32 48 0 48 0 0 5*sin(400*2*pi*t)*sin(10*2*pi*t)
w 64 80 64 128 0
o 73 64 0 4099 10 1.6 0 2 73 3
