$ 0 6.000000000000001e-9 56807.00400224913 50 5 50 5e-11
164 240 160 320 160 8 4 0 0 5 5 false 0
164 400 160 416 160 8 4 0 5 0 0 false 0
207 336 192 368 192 4 4H
207 336 224 368 224 4 2H
207 336 256 368 256 4 1H
207 336 160 336 96 4 8H
207 496 256 528 256 4 16H
207 496 224 528 224 4 32H
207 496 192 528 192 4 64H
207 496 160 496 96 4 128H
156 576 128 656 128 10 0
w 496 160 576 160 0
R 576 128 544 128 0 0 40 5 0 0 0.5
w 576 128 576 192 0
207 672 128 720 128 4 256H
207 672 192 720 192 4 /256H
151 448 416 592 416 0 5 5 5
207 448 384 416 384 4 2H
207 448 400 416 400 4 4H
207 448 416 416 416 4 64H
207 448 432 416 432 4 128H
207 448 448 416 448 4 256H
155 592 416 640 416 0 5
R 224 80 176 80 0 2 7159000 2.5 2.5 0 0.5
207 224 80 272 80 4 CLK
207 240 160 192 160 4 CLK
207 592 448 560 448 4 CLK
w 688 480 736 480 0
w 736 480 736 320 0
w 736 320 400 320 0
w 400 320 400 256 0
w 400 320 240 320 0
w 240 320 240 256 0
419 864 112 928 112 0 9
207 864 112 832 112 4 256H
207 864 144 832 144 4 128H
207 864 176 832 176 4 64H
207 864 208 832 208 4 32H
207 864 240 832 240 4 16H
207 864 272 832 272 4 8H
207 864 304 832 304 4 4H
207 864 336 832 336 4 2H
207 864 368 832 368 4 1H
w 688 160 672 160 0
w 688 416 688 160 0
207 736 480 800 480 4 HRESET
164 256 688 368 688 8 4 0 5 0 0 false 0
164 416 688 464 688 8 4 5 0 0 5 false 0
207 256 688 208 688 4 HRESET
207 352 784 384 784 4 1V
207 352 752 384 752 4 2V
207 352 720 384 720 4 4V
207 352 688 352 624 4 8V
207 512 784 544 784 4 16V
207 512 752 544 752 4 32V
207 512 720 544 720 4 64V
207 512 688 512 640 4 128V
w 704 688 688 688 0
207 688 720 736 720 4 /256V
207 688 656 736 656 4 256V
w 592 656 592 720 0
R 592 656 560 656 0 0 40 5 0 0 0.5
w 512 688 592 688 0
156 592 656 672 656 10 0
207 608 928 576 928 4 HRESET
155 608 864 656 864 0 5
207 464 880 432 880 4 1V
207 464 864 432 864 4 4V
207 464 848 432 848 4 256V
151 464 864 608 864 0 3 5 5
207 880 928 848 928 4 1V
207 880 896 848 896 4 2V
207 880 864 848 864 4 4V
207 880 832 848 832 4 8V
207 880 800 848 800 4 16V
207 880 768 848 768 4 32V
207 880 736 848 736 4 64V
207 880 704 848 704 4 128V
207 880 672 848 672 4 256V
419 880 672 944 672 0 9
w 704 928 704 976 0
w 704 976 400 976 0
w 400 976 400 784 0
w 400 784 416 784 0
w 256 784 256 976 0
w 256 976 400 976 0
151 1072 128 1152 128 0 2 5 5
151 1216 144 1344 144 0 2 0 5
151 1216 240 1344 240 0 2 5 5
207 1072 112 1040 112 4 16H
207 1072 144 1040 144 4 64H
207 688 416 800 416 4 /HRESET
207 1216 256 1168 256 4 /HRESET
w 1344 144 1344 176 0
w 1344 176 1216 208 0
w 1216 160 1216 176 0
w 1216 176 1344 208 0
w 1344 208 1344 240 0
w 1216 208 1216 224 0
151 1376 256 1488 256 0 2 5 5
207 1344 208 1440 208 4 HBLANK
207 1344 176 1440 176 4 /HBLANK
207 1488 256 1520 256 4 /HSYNC
207 1376 272 1344 272 4 32H
w 1344 240 1376 240 0
w 1296 448 1328 448 0
207 1328 464 1296 464 4 4V
207 1440 464 1472 464 4 /VSYNC
207 1296 384 1392 384 4 /VBLANK
151 1328 464 1440 464 0 3 5 5
w 1168 416 1168 432 0
w 1296 416 1296 448 0
w 1168 384 1296 416 0
w 1168 368 1168 384 0
w 1296 384 1168 416 0
w 1296 352 1296 384 0
207 1168 464 1120 464 4 16V
207 1168 336 1120 336 4 VRESET
153 1168 352 1296 352 0 2 5 5
153 1168 448 1296 448 0 2 0 5
I 1264 512 1328 512 0 0.5 5
207 1264 512 1232 512 4 8V
w 1328 512 1328 480 0
207 1296 416 1392 416 4 VBLANK
207 704 928 768 928 4 VRESET
156 1168 768 1232 768 0 0
207 1168 800 1120 800 4 CLK
207 1168 768 1120 768 4 256H
207 1168 832 1120 832 4 /256H
w 1168 768 1168 736 0
151 1312 752 1408 752 0 2 5 5
w 1168 736 1312 736 0
w 1264 832 1312 832 0
w 1312 832 1312 768 0
153 1408 704 1504 704 0 3 0 5
207 1408 688 1360 688 4 4V
207 1408 704 1360 704 4 VBLANK
w 1408 720 1408 752 0
207 1504 704 1552 704 4 NET
w 704 688 704 864 0
w 608 896 608 928 0
418 336 1200 272 1200 0 1 40 5 0 0 0.5 PADTRIGGER1
151 432 1136 576 1136 0 2 5 5
151 432 1264 576 1264 0 2 5 5
164 576 1264 608 1264 0 4 5 5 5 5 false 0
I 336 1120 432 1120 0 0.5 5
w 336 1120 336 1200 0
w 336 1200 336 1360 0
w 336 1360 576 1360 0
w 432 1152 432 1200 0
207 432 1280 384 1280 4 /HSYNC
151 704 1312 816 1312 0 4 0 5
w 672 1296 704 1296 0
w 672 1264 704 1264 0
w 704 1264 704 1280 0
w 672 1328 704 1328 0
w 672 1360 704 1360 0
w 704 1360 704 1344 0
w 816 1312 816 1200 0
w 816 1200 432 1200 0
w 432 1200 432 1248 0
207 576 1136 624 1136 4 /VPAD1
418 992 1200 928 1200 0 1 40 5 0 0 0.5 PADTRIGGER2
151 1088 1136 1232 1136 0 2 5 5
151 1088 1264 1232 1264 0 2 5 5
164 1232 1264 1264 1264 0 4 5 5 5 5 false 0
I 992 1120 1088 1120 0 0.5 5
w 992 1120 992 1200 0
w 992 1200 992 1360 0
w 992 1360 1232 1360 0
w 1088 1152 1088 1200 0
207 1088 1280 1040 1280 4 /HSYNC
151 1360 1312 1472 1312 0 4 0 5
w 1328 1296 1360 1296 0
w 1328 1264 1360 1264 0
w 1360 1264 1360 1280 0
w 1328 1328 1360 1328 0
w 1328 1360 1360 1360 0
w 1360 1360 1360 1344 0
w 1472 1312 1472 1200 0
w 1472 1200 1088 1200 0
w 1088 1200 1088 1248 0
207 1232 1136 1280 1136 4 /VPAD2
153 1328 944 1424 944 0 2 0 5
w 1424 944 1424 992 0
207 1328 928 1280 928 4 /HVID
207 1328 960 1280 960 4 /VVID
207 1424 1008 1376 1008 4 PAD2
207 1424 1040 1376 1040 4 NET
207 1424 1056 1376 1056 4 PAD1
207 1536 1024 1584 1024 4 VIDEO
155 352 1504 384 1504 12 0
207 352 1504 304 1504 4 128H
207 352 1536 304 1536 4 4H
207 352 1568 304 1568 4 /ATTRACT
151 480 1488 592 1488 0 2 5 5
w 352 1504 352 1472 0
w 352 1472 480 1472 0
153 720 1504 816 1504 0 3 0 5
207 720 1504 672 1504 4 256H
207 720 1520 672 1520 4 /VPAD1
w 592 1488 720 1488 0
w 592 1488 592 1552 0
w 592 1552 720 1552 0
207 720 1584 672 1584 4 /VPAD2
207 720 1568 672 1568 4 /256H
153 720 1568 816 1568 0 3 0 5
207 816 1504 864 1504 4 PAD1
207 816 1568 864 1568 4 PAD2
152 1424 1024 1536 1024 0 4 0 5
w 448 1536 480 1536 0
w 480 1536 480 1504 0
R 448 1568 480 1568 0 0 40 5 0 0 0.5
422 1152 128 1216 128 0 5e-8
w 336 160 400 160 0
w 352 688 416 688 0
x 428 28 728 31 4 36 Horizontal\sCounter
x 1253 632 1437 635 4 36 Display\sNet
x 516 585 772 588 4 36 Vertical\sCounter
x 769 1070 899 1073 4 36 Paddles
w 1328 928 1328 960 0
R 1328 928 1328 880 0 0 40 5 0 0 0.5
L 1072 1472 1024 1472 0 0 false 5 0
207 1136 1472 1184 1472 4 /ATTRACT
I 1072 1472 1136 1472 0 0.5 5
