$ 1 6.000000000000001e-7 30.13683688681966 50 5 50 5e-11
207 736 1104 784 1104 4 /VPAD1
w 592 1168 592 1216 0
w 976 1168 592 1168 0
w 976 1280 976 1168 0
w 864 1328 864 1312 0
w 832 1328 864 1328 0
w 832 1296 864 1296 0
w 864 1232 864 1248 0
w 832 1232 864 1232 0
w 832 1264 864 1264 0
151 864 1280 976 1280 0 4 0 5
207 592 1248 544 1248 4 /HSYNC
w 592 1120 592 1168 0
w 496 1328 736 1328 0
w 496 1168 496 1328 0
w 496 1088 496 1168 0
I 496 1088 592 1088 0 0.5 5
164 736 1232 768 1232 0 4 5 5 5 5 false 0
151 592 1232 736 1232 0 2 5 5
151 592 1104 736 1104 0 2 5 5
g 416 1264 416 1280 0 0
w 448 1168 496 1168 0
w 448 1072 448 1136 0
w 384 1072 448 1072 0
g 320 1392 320 1408 0 0
R 320 1296 320 1280 0 0 40 5 0 0 0.5
174 320 1296 384 1376 1 5000 0.42080000000000006 Paddle 1
g 384 1376 384 1392 0 0
c 384 1344 384 1376 0 1e-7 3.002123788018753 0.001
r 384 1264 384 1344 0 470
R 256 976 256 960 0 0 40 5 0 0 0.5
w 208 1024 240 1024 0
w 208 1072 208 1024 0
w 256 1072 208 1072 0
174 256 976 240 1056 1 50000 0.5297000000000001 Paddle 1 Control
r 256 1136 256 1072 0 56000
g 256 1296 256 1312 0 0
c 256 1232 256 1296 0 1e-7 0.3010706790243976 0.001
w 256 1232 256 1136 0
w 320 1232 256 1232 0
d 256 1136 320 1136 2 default
R 384 1072 384 1024 0 0 40 5 0 0 0.5
165 320 1104 416 1104 6 0
R 576 960 544 960 0 2 60 2.5 2.5 0 0.98
R 576 1024 544 1024 0 2 15000 2.5 2.5 0 0.5
207 576 960 608 960 4 /256V
207 576 1024 608 1024 4 /HSYNC
207 320 1200 288 1200 4 /256V
o 43 64 0 4102 5 0.00009765625 0 2 43 3 /256V
o 21 64 0 4102 5 0.00009765625 0 2 21 3 555\sout
o 37 64 0 4102 5 0.2 0 2 37 3 capacitor
o 0 64 0 4102 5 0.00009765625 0 2 0 3 /VPAD1
