$ 1 0.000005 35921.15129958312 50 5 50 5e-11
421 -144 160 -80 160 5120 4 5 5 0 0 0
207 80 128 80 96 4 CLK
207 352 128 352 96 4 CLK
421 128 160 192 160 5120 4 0 5 0 5 0
R -112 128 -112 96 0 0 40 5 0 0 0.5
R -112 224 -112 256 0 0 40 5 0 0 0.5
R 192 128 192 96 0 0 40 5 0 0 0.5
R 160 224 160 256 0 0 40 5 0 0 0.5
w -112 128 -80 128 0
w -80 128 -48 128 0
w -48 128 16 128 0
w -16 128 -16 64 0
w 48 128 48 64 0
w -16 64 48 64 0
w -16 64 -48 64 0
g -48 64 -48 80 0 2
w 192 128 224 128 0
w 224 128 256 128 0
w 256 128 288 128 0
w 288 128 320 128 0
207 -176 64 -176 32 4 CLK
R -176 64 -176 96 1 2 8000 2.5 2.5 0 0.75
w 160 224 192 224 0
w -80 272 -80 224 0
w 80 224 112 224 0
w 112 224 112 128 0
w 112 128 160 128 0
207 -48 224 -48 256 4 1H'
207 -16 224 -16 256 4 2H'
207 16 224 16 256 4 4H'
207 48 224 48 256 4 8H'
207 224 224 224 256 4 16H'
207 256 224 256 256 4 32H'
207 288 224 288 256 4 64H'
207 320 224 320 256 4 128H'
419 464 80 496 80 0 8
207 464 80 432 80 4 128H'
207 464 112 432 112 4 64H'
207 464 144 432 144 4 32H'
207 464 176 432 176 4 16H'
207 464 208 432 208 4 8H'
207 464 240 432 240 4 4H'
207 464 272 432 272 4 2H'
207 464 304 432 304 4 1H'
x 482 36 559 39 4 24 H\sSync
207 352 224 352 272 4 S\sCLOCK
207 320 496 320 528 4 128V'
207 288 496 288 528 4 64V'
207 256 496 256 528 4 32V'
207 224 496 224 528 4 16V'
207 48 496 48 528 4 8V'
207 16 496 16 528 4 4V'
207 -16 496 -16 528 4 2V'
207 -48 496 -48 528 4 1V'
w 128 400 160 400 0
w 160 496 192 496 0
w 288 400 320 400 0
w 256 400 288 400 0
w 224 400 256 400 0
w 192 400 224 400 0
g -48 336 -48 352 0 2
w -16 336 -48 336 0
w -16 336 48 336 0
w 48 400 48 336 0
w -16 400 -16 336 0
R 160 496 160 528 0 0 40 5 0 0 0.5
R 192 400 192 368 0 0 40 5 0 0 0.5
R -80 400 -80 368 0 0 40 5 0 0 0.5
421 128 432 192 432 5120 4 5 5 0 5 0
207 352 400 352 368 4 CLK
207 80 400 80 368 4 CLK
421 -144 432 -80 432 5120 4 0 0 0 0 0
x 482 372 558 375 4 24 V\sSync
207 464 640 432 640 4 1V'
207 464 608 432 608 4 2V'
207 464 576 432 576 4 4V'
207 464 544 432 544 4 8V'
207 464 512 432 512 4 16V'
207 464 480 432 480 4 32V'
207 464 448 432 448 4 64V'
207 464 416 432 416 4 128V'
419 464 416 496 416 0 8
w 80 224 80 304 0
w 80 304 -112 304 0
w -112 304 -112 400 0
R 16 400 16 368 0 0 40 5 0 0 0.5
w -16 400 -48 400 0
w -112 400 -160 400 0
w -160 400 -160 624 0
w -160 624 -16 624 0
150 -16 608 64 608 0 2 0 5
w 80 496 80 560 0
w 80 560 -16 560 0
w -16 560 -16 592 0
w 64 608 128 608 0
w 128 608 128 400 0
150 -96 784 -16 784 0 3 0 5
207 -96 768 -128 768 4 32V'
207 -96 784 -128 784 4 64V'
207 -96 800 -128 800 4 128V'
155 -16 832 16 832 0 0
207 -16 864 -48 864 4 CLK
w -16 784 -16 832 0
151 112 800 224 800 0 2 5 5
w 80 896 112 896 0
w 112 896 112 816 0
w -16 784 112 784 0
207 224 800 272 800 4 /VERT\sTRIG
207 -112 496 -112 560 4 S\sCLOCK
207 -80 272 -144 272 4 /VERT\sTRIG
207 -80 496 -80 592 4 /VERT\sTRIG
207 112 896 176 896 4 /V\sSYNC
w 80 832 80 864 0
207 80 864 176 864 4 V\sSYNC
207 992 416 992 368 4 1H
207 960 416 960 368 4 2H
w 976 512 1040 512 0
207 1152 528 1200 528 4 BRICK\sDISPLAY
w 1152 480 1152 528 0
153 1040 528 1152 528 0 2 5 5
150 976 416 976 512 0 2 0 5
207 1344 464 1392 464 4 PLAYFIELD
I 1152 480 1232 480 0 0.5 5
w 1232 416 1232 448 0
207 1120 432 1088 432 4 RH\sSIDE
207 1120 416 1088 416 4 TOP\sBOUND
207 1120 400 1088 400 4 LH\sSIDE
153 1120 416 1232 416 0 3 5 5
207 1040 272 1088 272 4 TOP\sBOUND
207 928 224 880 224 4 /V\sSYNC
w 928 256 928 224 0
150 928 272 1040 272 0 2 0 5
207 800 304 768 304 4 8H
207 800 288 768 288 4 16H
w 800 240 800 272 0
150 800 288 928 288 0 3 0 5
207 704 256 672 256 4 32H
207 704 240 672 240 4 64H
207 704 224 672 224 4 128H
153 704 240 800 240 0 3 0 5
207 1056 160 1088 160 4 LH\sSIDE
207 1056 48 1088 48 4 RH\sSIDE
w 880 176 960 176 0
153 960 160 1056 160 0 2 0 5
I 896 144 960 144 0 0.5 5
w 848 144 896 144 0
207 880 176 848 176 4 32V
w 880 64 880 176 0
w 848 32 880 32 0
w 848 144 848 32 0
150 880 48 1056 48 0 2 0 5
207 688 160 656 160 4 4V
207 688 144 656 144 4 8V
207 688 64 656 64 4 16V
207 688 48 656 48 4 64V
207 688 32 656 32 4 128V
w 816 48 816 96 0
w 688 96 816 96 0
w 688 128 688 96 0
150 688 48 816 48 0 3 5 5
207 1296 1328 1328 1328 4 1H
207 1296 1248 1328 1248 4 2H
207 1296 1168 1328 1168 4 4H
207 1296 1088 1328 1088 4 8H
207 1296 1008 1328 1008 4 16H
207 1296 928 1328 928 4 32H
207 1296 848 1328 848 4 64H
207 1296 768 1328 768 4 128H
207 1184 784 1104 784 4 128H'
207 1184 864 1104 864 4 64H'
207 1184 944 1104 944 4 32H'
207 1184 1024 1104 1024 4 16H'
207 1184 1104 1104 1104 4 8H'
207 1184 1184 1104 1184 4 4H'
207 1184 1264 1104 1264 4 2H'
207 1184 1344 1104 1344 4 1H'
w 1152 1312 1184 1312 0
w 1152 1232 1152 1312 0
w 1152 1232 1184 1232 0
w 1152 1152 1152 1232 0
w 1152 1152 1184 1152 0
w 1152 1072 1152 1152 0
w 1152 1072 1184 1072 0
w 1152 992 1184 992 0
w 1152 912 1184 912 0
w 1152 832 1184 832 0
w 1152 752 1184 752 0
w 1152 832 1152 752 0
w 1152 912 1152 832 0
w 1152 992 1152 912 0
w 1152 1072 1152 992 0
w 864 1072 1152 1072 0
w 864 1024 864 1072 0
154 1184 1248 1296 1248 0 2 0 5
154 1184 1328 1296 1328 0 2 0 5
154 1184 1088 1296 1088 0 2 5 5
154 1184 1168 1296 1168 0 2 5 5
154 1184 928 1296 928 0 2 0 5
154 1184 1008 1296 1008 0 2 5 5
154 1184 848 1296 848 0 2 5 5
154 1184 768 1296 768 0 2 0 5
207 976 832 1008 832 4 64VI
I 896 832 976 832 0 0.5 5
w 896 880 896 832 0
w 464 1024 464 928 0
w 464 1024 688 1024 0
207 976 1280 1024 1280 4 2V
207 896 1216 944 1216 4 4V
207 800 1152 848 1152 4 8V
207 1040 1008 1072 1008 4 16V
207 976 944 1024 944 4 32V
207 896 880 944 880 4 64V
207 800 816 848 816 4 128V
207 432 1024 384 1024 4 P2\sCONDITIONAL
w 688 1024 688 1168 0
w 432 1024 464 1024 0
w 656 1200 656 1264 0
w 624 1200 656 1200 0
w 672 1168 672 1200 0
w 624 1168 672 1168 0
154 688 1152 800 1152 0 2 0 5
w 624 1136 688 1136 0
154 784 1216 896 1216 0 2 0 5
w 688 1168 688 1296 0
w 672 1200 784 1200 0
154 864 1280 976 1280 0 2 0 5
w 656 1264 864 1264 0
w 688 1296 784 1296 0
w 784 1296 784 1232 0
w 784 1296 864 1296 0
w 864 1024 928 1024 0
w 864 1024 864 960 0
w 784 1024 864 1024 0
w 784 1024 784 896 0
w 688 1024 784 1024 0
w 624 992 928 992 0
w 624 896 624 992 0
154 928 1008 1040 1008 0 2 5 5
w 656 928 864 928 0
154 864 944 976 944 0 2 0 5
w 656 864 656 928 0
w 624 864 656 864 0
w 672 864 784 864 0
w 672 832 672 864 0
w 624 832 672 832 0
w 688 832 688 1024 0
154 784 880 896 880 0 2 5 5
w 624 800 688 800 0
154 688 816 800 816 0 2 5 5
w 464 1264 464 1024 0
w 624 1040 624 1072 0
w 528 1040 624 1040 0
w 528 992 528 1040 0
w 528 960 496 960 0
196 528 736 544 736 2 4
207 528 832 496 832 4 16V'
207 528 800 496 800 4 32V'
207 528 768 496 768 4 64V'
207 528 736 496 736 4 128V'
w 528 928 464 928 0
w 528 864 528 896 0
w 528 896 528 960 0
g 496 960 496 992 0 2
g 528 1328 528 1360 0 2
w 528 1296 528 1328 0
w 528 1232 528 1296 0
w 528 1200 528 1232 0
w 528 1264 464 1264 0
207 528 1072 496 1072 4 8V'
207 528 1104 496 1104 4 4V'
207 528 1136 496 1136 4 2V'
207 528 1168 496 1168 4 1V'
196 528 1072 544 1072 2 4
150 688 144 848 144 0 3 0 5
155 224 640 272 640 0 0
207 224 640 192 640 4 S\sCLOCK
207 224 672 192 672 4 CLK
207 320 640 352 640 4 H\sSYNC
207 320 704 352 704 4 /H\sSYNC
207 -80 960 -112 960 4 16V'
207 -80 992 -112 992 4 8V'
152 -80 976 16 976 0 2 5 5
207 16 1040 -32 1040 4 /V\sSYNC
153 16 1008 128 1008 0 2 0 5
w 16 976 16 992 0
w 16 1024 16 1040 0
207 128 1008 160 1008 4 V\sSYNC'
151 1232 464 1344 464 0 2 0 5
151 704 592 816 592 0 3 5 5
150 704 656 816 656 0 2 5 5
207 704 576 672 576 4 2V
207 704 592 672 592 4 4V
207 704 608 672 608 4 8V
207 704 640 672 640 4 /V\sSYNC
207 704 672 672 672 4 64H
151 816 624 928 624 0 2 0 5
w 816 592 816 608 0
w 816 640 816 656 0
207 928 560 880 560 4 128H
207 928 544 880 544 4 32H
w 928 576 928 624 0
w 1040 544 1040 560 0
152 928 560 1040 560 0 3 0 5
